1 0.19173860824716582 0.40295910861567263 0.14893172043010758 0.3679009683098592 0.1237785973708459 0.3884847861410946 0.16658548518790414 0.42354292644690794
1 0.15970752688172046 0.4262451584507043 0.11881720469658413 0.3911094496482507 0.0936736563094874 0.41072080528205346 0.1345639784946237 0.4458565140845071
1 0.22077096774193555 0.48115713028169016 0.17587150537634413 0.4443855633802818 0.15670689026365794 0.4600688955346276 0.20160635262924936 0.4968404624360361
1 0.2406506495613259 0.4582195252307063 0.20101505376344092 0.4242838908450704 0.1817337590408247 0.4393768656143642 0.22136935483870968 0.47331249999999997
1 0.2689709109195569 0.4377728570824589 0.22840455616809208 0.4045504164712503 0.20805860215053765 0.42120070422535216 0.24862495690200248 0.4544231448365609
1 0.2902155913978494 0.4188908450704226 0.24298567602313748 0.38560766706227195 0.2244270738725998 0.403257755090441 0.2716569892473118 0.4365409330985916
1 0.314768665344597 0.39977648096246354 0.2724912442035725 0.36515185092039254 0.25093118100951317 0.3827952643241263 0.2932086021505377 0.4174198943661973
1 0.27824247311827954 0.3297579225352113 0.23462545796394424 0.2945949762709225 0.21179086021505372 0.31357834507042254 0.255407875369389 0.3487412913347113
1 0.3027876344086021 0.305243397887324 0.26127823852581 0.2721237912859607 0.23793038906344452 0.2917355870606086 0.27943978494623656 0.3248551936619719
1 0.4090703651329875 0.22812450579170182 0.3668440860215054 0.1887539612676056 0.34278540465775376 0.20604784151165675 0.3850116837692358 0.24541838603575297
1 0.4317726657024337 0.20425570745777777 0.3927597335710754 0.16875518647225332 0.36854029367509317 0.1865932290144756 0.4075532258064515 0.22209375000000003
1 0.3692387096774194 0.25739436619718314 0.33152311827957 0.2235642605633803 0.30677273018142026 0.2420573221427181 0.3444883215792697 0.2758874277765209
1 0.34564095378984727 0.27282184966169687 0.302567102404644 0.24013898048729918 0.2800680840986677 0.2600121132199686 0.32314193548387093 0.29269498239436625
1 0.3997892907728504 0.3205475063672727 0.35487096774193544 0.28779225352112686 0.3344978060013431 0.3065167541961078 0.3794161290322581 0.33927200704225363
1 0.42641564852864194 0.30325947427459177 0.38061344086021515 0.2647486795774648 0.3569617708261968 0.28360144121836606 0.40276397849462364 0.32211223591549304
1 0.46307454027844247 0.272011959891015 0.41832903225806445 0.2338604753521128 0.3951351371409122 0.2520919133484218 0.4398806451612903 0.290243397887324
1 0.48851424648130465 0.25368450571283396 0.44503320047311073 0.21643082460442165 0.4227409970025588 0.23386867804651731 0.4662220430107527 0.27112235915492966
0 0.5578172043010752 0.024316021126760606 0.5385415471023066 0.0030811759153363716 0.517288834424124 0.016010734544056163 0.5365644916228924 0.037245579755480394
0 0.5811992556296511 0.04894771140598952 0.5608102150537633 0.022354753521126796 0.5339732145055001 0.036145042079807836 0.5543622550813878 0.06273799996467055
0 0.606540529898021 0.07214448330323386 0.5811645161290321 0.04245642605633806 0.5533938787041294 0.05836519979535772 0.5787698924731182 0.08805325704225353