1 0.16630119453924916 0.11899726402188789 0.13427047781569967 0.11899726402188789 0.1342704778156997 0.22309712722298228 0.16630119453924916 0.22309712722298228
1 0.1325844709897611 0.12170132238942091 0.09971971643248194 0.11615705094617575 0.0929675767918089 0.21904103967168265 0.12583233134908808 0.2245853111149278
1 0.09006456200227532 0.11416780665754675 0.05572580279727902 0.11222955627102475 0.05335068259385666 0.22039306885544915 0.08768944179885296 0.22233131924197116
1 0.08875312855517634 0.25283948928408573 0.05593486916951083 0.2494468764249886 0.051730942300009686 0.3539807060887629 0.08454920168567522 0.35737331894786
1 0.12258248009101255 0.24943000455996353 0.09869169510807739 0.24943000455996353 0.09869169510807739 0.35157318741450067 0.12258248009101255 0.35157318741450067
1 0.16638225255972697 0.25262197902416783 0.13566552901023893 0.25262197902416783 0.13566552901023893 0.3543091655266758 0.16638225255972697 0.3543091655266758
0 0.4789533560864619 0.02918376652986785 0.44084186575654155 0.02918376652986785 0.44084186575654155 0.12311901504787973 0.4789533560864619 0.12311901504787973
0 0.43856655290102387 0.01687186502507988 0.40017064846416384 0.016871865025079875 0.40017064846416384 0.12448700410396728 0.43856655290102387 0.12448700410396728
0 0.39732650739476677 0.015503875968992322 0.3575085324232082 0.015503875968992319 0.3575085324232082 0.12175102599179215 0.39732650739476677 0.12175102599179217
0 0.3543799772468714 0.01687186502507987 0.3165529010238908 0.016871865025079865 0.3165529010238908 0.1299589603283174 0.3543799772468714 0.1299589603283174
0 0.3162684869169511 0.013679890560875572 0.27957906712172925 0.013679890560875568 0.27957906712172925 0.1272229822161423 0.3162684869169511 0.1272229822161423
0 0.275028441410694 0.004559963520291888 0.2380546075085324 0.0045599635202918844 0.2380546075085324 0.11901504787961702 0.275028441410694 0.11901504787961702
0 0.23890784982935154 0.010943912448700452 0.19994311717861205 0.01094391244870045 0.19994311717861205 0.10396716826265395 0.23890784982935154 0.10396716826265395
0 0.19994311717861205 0.0077519379844961595 0.15927189988623436 0.007751937984496156 0.15927189988623436 0.09621523027815782 0.19994311717861205 0.09621523027815783
0 0.11006825938566553 1.281607115386765e-17 0.020477815699658702 4.020728205134949e-18 0.020477815699658706 0.06475148198814411 0.11006825938566553 0.06475148198814412
0 0.04835039817974973 0.1094391244870041 0.020762229806598417 0.1094391244870041 0.02076222980659842 0.21751025991792067 0.04835039817974973 0.21751025991792067
0 0.045790671217292404 0.2507979936160511 0.019055745164960197 0.2507979936160511 0.0190557451649602 0.3625170998632011 0.04579067121729241 0.3625170998632011
0 0.040671217292377736 0.3693570451436389 0.012229806598407309 0.3693570451436389 0.012229806598407313 0.4851801185590515 0.040671217292377736 0.4851801185590515
0 0.03981797497155863 0.5170998632010944 0.01621160409556318 0.5170998632010944 0.016211604095563183 0.6406748746010031 0.03981797497155864 0.6406748746010031
0 0.03555176336746308 0.6447788417692658 0.00483503981797502 0.6447788417692658 0.004835039817975024 0.7355221158230734 0.03555176336746308 0.7355221158230734
0 0.12087599544937432 0.3739170086639307 0.06911262798634815 0.3739170086639307 0.06911262798634817 0.5298677610579116 0.12087599544937432 0.5298677610579116
0 0.031569965870307234 0.8682170542635659 0.0019908987485779957 0.8682170542635659 0.0019908987485779983 0.9384404924760602 0.03156996587030724 0.9384404924760602
0 0.07451649601820257 0.8663930688554492 0.0361205915813425 0.8663930688554492 0.0361205915813425 0.9448244414044688 0.07451649601820257 0.9448244414044688
0 0.11319681456200234 0.8545371637026904 0.07025028441410701 0.8545371637026904 0.07025028441410701 0.9475604195166438 0.11319681456200234 0.9475604195166438
0 0.1527303754266212 0.863657090743274 0.10608646188850973 0.863657090743274 0.10608646188850973 0.9516643866849065 0.1527303754266212 0.9516643866849065
0 0.19340159271899893 0.8682170542635659 0.14988623435722417 0.8682170542635659 0.14988623435722417 0.950296397628819 0.19340159271899893 0.950296397628819
0 0.23549488054607515 0.870953032375741 0.1905574516496019 0.870953032375741 0.1905574516496019 0.9557683538531692 0.23549488054607515 0.9557683538531692
0 0.27502844141069405 0.8741450068399452 0.23521046643913546 0.8741450068399452 0.23521046643913546 0.9544003647970816 0.27502844141069405 0.9544003647970816
0 0.3171217292377703 0.8741450068399452 0.27019340159271904 0.8741450068399452 0.27019340159271904 0.9680802553579572 0.3171217292377703 0.9680802553579572
0 0.3956200227531287 0.8818969448244414 0.32053469852104677 0.8818969448244414 0.32053469852104677 0.9708162334701322 0.3956200227531287 0.9708162334701322
0 0.46643913538111503 0.8800729594163247 0.3916382252559728 0.8800729594163247 0.3916382252559728 0.9867761057911537 0.46643913538111503 0.9867761057911537
0 0.5617178612059159 0.8891928864569084 0.49488054607508547 0.8891928864569083 0.49488054607508547 0.982672138622891 0.5617178612059159 0.982672138622891
0 0.6373720136518771 0.8955768353853171 0.5753697383390217 0.8955768353853171 0.5753697383390217 0.9908800729594163 0.6373720136518771 0.9908800729594163
0 0.7150170648464164 0.8983128134974923 0.6493174061433447 0.8983128134974923 0.6493174061433447 0.9749202006383949 0.7150170648464164 0.9749202006383949
0 0.8051763367463026 0.8910168718650253 0.752844141069397 0.8910168718650253 0.752844141069397 1 0.8051763367463026 1
0 0.8794084186575654 0.8969448244414047 0.810580204778157 0.8969448244414047 0.810580204778157 1 0.8794084186575654 1