1 0.681024447031432 0.4958553127354936 0.6123399301513388 0.4958553127354936 0.6123399301513388 0.5810097965335342 0.681024447031432 0.5810097965335342
1 0.6006984866123399 0.5041446872645065 0.5296856810244471 0.5041446872645065 0.5296856810244471 0.5772418990203466 0.6006984866123399 0.5772418990203466
1 0.6530849825378346 0.6103993971363979 0.5902211874272411 0.6103993971363979 0.5902211874272411 0.6842501883948756 0.6530849825378346 0.6842501883948756
1 0.5902211874272411 0.6141672946495855 0.5052386495925496 0.6141672946495855 0.5052386495925496 0.6850037678975132 0.5902211874272411 0.6850037678975132
1 0.45052386495925506 0.6284853051996986 0.3818393480791619 0.6284853051996986 0.3818393480791619 0.7045968349660889 0.45052386495925506 0.7045968349660889
1 0.3830034924330618 0.6345139412207988 0.30267753201396985 0.6345139412207988 0.30267753201396985 0.7128862094951017 0.3830034924330618 0.7128862094951017
1 0.3050058207217696 0.6397889977392615 0.23864959254947626 0.6397889977392615 0.23864959254947626 0.7143933685003768 0.3050058207217696 0.7143933685003768
1 0.2433061699650758 0.5350414468726451 0.17578579743888256 0.5350414468726451 0.17578579743888256 0.611906556141673 0.2433061699650758 0.611906556141673
1 0.31548311990686856 0.5305199698568199 0.24447031431897567 0.5305199698568199 0.24447031431897567 0.6036171816126601 0.31548311990686856 0.6036171816126601
1 0.38998835855646113 0.5244913338357197 0.32479627473806766 0.5244913338357197 0.32479627473806766 0.5968349660889224 0.38998835855646113 0.5968349660889224
1 0.7240977881257276 0.3888470233609646 0.6612339930151339 0.3888470233609646 0.6612339930151339 0.46646571213263 0.7240977881257276 0.46646571213263
1 0.6461001164144354 0.3933685003767898 0.5844004656577417 0.3933685003767898 0.5844004656577417 0.4717407686510927 0.6461001164144354 0.4717407686510927
1 0.5762514551804425 0.39864355689525244 0.5075669383003494 0.39864355689525244 0.5075669383003494 0.4777694046721929 0.5762514551804425 0.4777694046721929
1 0.4784633294528523 0.4159758854559156 0.4086146682188593 0.4159758854559156 0.4086146682188593 0.4898266767143934 0.4784633294528523 0.4898266767143934
1 0.37485448195576265 0.4189902034664657 0.2991850989522702 0.4189902034664657 0.2991850989522702 0.49133383571966843 0.37485448195576265 0.49133383571966843
1 0.29685681024447036 0.4295403165033911 0.23050058207217702 0.4295403165033911 0.23050058207217702 0.5011303692539563 0.29685681024447036 0.5011303692539563
1 0.2246798603026776 0.43330821401657876 0.15599534342258448 0.43330821401657876 0.15599534342258448 0.5041446872645065 0.2246798603026776 0.5041446872645065
1 0.43538998835855647 0.20497362471740768 0.359720605355064 0.20497362471740768 0.359720605355064 0.2825923134890731 0.43538998835855647 0.2825923134890731
1 0.49941792782305006 0.20422004521477016 0.43771827706635624 0.20422004521477016 0.43771827706635624 0.26601356443104746 0.49941792782305006 0.26601356443104746
1 0.5762514551804424 0.1936699321778448 0.5157159487776485 0.19366993217784476 0.5157159487776485 0.26525998492840996 0.5762514551804424 0.26525998492841
1 0.6845168800931315 0.1801055011303693 0.6076833527357393 0.1801055011303693 0.6076833527357393 0.2554634513941222 0.6845168800931315 0.2554634513941222
1 0.7566938300349243 0.17859834212509423 0.689173457508731 0.17859834212509423 0.689173457508731 0.2562170308967597 0.7566938300349243 0.2562170308967597
1 0.8474970896391153 0.1748304446119066 0.7660069848661234 0.1748304446119066 0.7660069848661234 0.25018839487565947 0.8474970896391153 0.25018839487565947
1 0.7764842840512224 0.28409947249434825 0.69965075669383 0.28409947249434825 0.69965075669383 0.36096458176337615 0.7764842840512224 0.36096458176337615
1 0.69965075669383 0.2856066314996233 0.6239813736903376 0.2856066314996233 0.6239813736903376 0.36171816126601364 0.69965075669383 0.36171816126601364
1 0.6216530849825378 0.2954031650339112 0.5494761350407451 0.2954031650339112 0.5494761350407451 0.37302185380557656 0.6216530849825378 0.37302185380557656
1 0.530849825378347 0.2961567445365486 0.4586728754365541 0.2961567445365486 0.4586728754365542 0.3730218538055765 0.530849825378347 0.3730218538055765
1 0.45634458672875444 0.30519969856819895 0.3841676367869616 0.30519969856819895 0.38416763678696164 0.37829691032403917 0.4563445867287545 0.37829691032403917
0 0.2991850989522701 0.055764883195177105 0.07566938300349244 0.05576488319517709 0.07566938300349245 0.13413715146948005 0.2991850989522701 0.13413715146948008
0 0.3073341094295693 0.14544084400904297 0.08963911525029107 0.14544084400904295 0.08963911525029107 0.22305953278070836 0.3073341094295693 0.22305953278070836
0 0.6786961583236322 0.027882441597588584 0.3341094295692666 0.027882441597588566 0.3341094295692666 0.15297663903541828 0.6786961583236322 0.15297663903541828
0 0.8987194412107101 0.05576488319517715 0.69965075669383 0.05576488319517715 0.69965075669383 0.14845516201959313 0.8987194412107101 0.14845516201959316
0 0.860302677532014 6.206292181059495e-17 0.7054714784633295 5.592584478397106e-17 0.7054714784633295 0.05802562170308974 0.860302677532014 0.05802562170308974
0 0.05820721769499421 0.11379050489826677 2.1527551416909235e-17 0.11379050489826677 2.4093749599057356e-17 0.14091936699321778 0.058207217694994214 0.14091936699321778
0 0.3073341094295693 0.23285606631499622 0.10942956926658909 0.23285606631499622 0.1094295692665891 0.30143180105501133 0.3073341094295693 0.30143180105501133
0 0.34575087310826547 0.32177844762622454 0.11641443538998843 0.32177844762622454 0.11641443538998843 0.39939713639789 0.3457508731082656 0.39939713639789
0 0.1117578579743889 0.3202712886209495 6.059079041183064e-17 0.3202712886209495 7.27802317770342e-17 0.44913338357196686 0.11175785797438892 0.44913338357196686
0 0.11757857974388834 0.4717407686510927 0.004656577415599624 0.4717407686510927 0.004656577415599635 0.5923134890730972 0.11757857974388834 0.5923134890730972
0 0.12456344586728765 0.6036171816126601 0.0023282887077998807 0.6036171816126601 0.002328288707799894 0.7452901281085155 0.12456344586728768 0.7452901281085155
0 0.08265424912689191 0.86586284853052 1.6380898396045505e-16 0.86586284853052 1.7435890982039734e-16 0.9773926149208741 0.08265424912689193 0.9773926149208741
0 0.21885913853317832 0.9125847776940467 0.10826542491268934 0.9125847776940467 0.10826542491268935 1 0.21885913853317832 1
0 0.35040745052386507 0.9593067068575735 0.23748544819557646 0.9593067068575735 0.23748544819557646 1 0.35040745052386507 1