0 0.7297872340425532 0.858676207513417 0.6095744680851064 0.858676207513417 0.6095744680851064 1 0.7297872340425532 1
0 0.55 0.7298747763864044 0.49042553191489363 0.7298747763864043 0.4904255319148937 0.8676207513416817 0.55 0.8676207513416818
0 0.47978723404255325 0.7441860465116279 0.4372340425531915 0.7441860465116279 0.43723404255319154 0.855098389982111 0.4797872340425533 0.855098389982111
0 0.43617021276595747 0.6386404293381037 0.3882978723404255 0.6386404293381037 0.3882978723404255 0.7674418604651163 0.43617021276595747 0.7674418604651163
0 0.3393617021276596 0.6493738819320215 0.2606382978723405 0.6493738819320215 0.2606382978723405 0.7638640429338104 0.3393617021276596 0.7638640429338104
0 0.2638297872340426 0.631484794275492 0.2010638297872341 0.631484794275492 0.2010638297872341 0.7549194991055456 0.2638297872340426 0.7549194991055456
0 0.2053191489361703 0.6923076923076923 0.14468085106382986 0.6923076923076923 0.14468085106382986 0.7728085867620751 0.2053191489361703 0.7728085867620751
0 0.1457446808510639 0.7280858676207513 0.07872340425531921 0.7280858676207513 0.07872340425531921 0.8425760286225402 0.1457446808510639 0.8425760286225402
0 0.14255319148936177 0.853309481216458 0.08936170212765963 0.853309481216458 0.08936170212765963 0.9499105545617174 0.14255319148936177 0.9499105545617174
0 0.1287234042553192 0.9463327370304114 0.08510638297872347 0.9463327370304114 0.08510638297872347 1 0.1287234042553192 1
0 0.27021276595744687 0.9266547406082289 0.2180851063829788 0.9266547406082289 0.2180851063829788 1 0.27021276595744687 1
0 0.32234042553191494 0.8246869409660107 0.25531914893617025 0.8246869409660107 0.25531914893617025 0.9409660107334525 0.322340425531915 0.9409660107334525
0 0.43829787234042566 0.9194991055456172 0.39361702127659587 0.9194991055456172 0.39361702127659587 1 0.43829787234042566 1