0 0.4705353126405758 0.29598413485374325 0.3747188484030589 0.2959841348537432 0.3747188484030589 0.4273673772930095 0.4705353126405758 0.42736737729300955
0 0.49212775528565 0.4462072384729797 0.41070625281151596 0.44620723847297966 0.410706252811516 0.570153693604363 0.49212775528565 0.570153693604363
0 0.5200179937022043 0.616757560733763 0.4215024741340532 0.616757560733763 0.4215024741340532 0.7243430837878037 0.5200179937022043 0.7243430837878037
0 0.5348627980206928 0.7620228061477442 0.43184885290148456 0.7620228061477442 0.43184885290148456 0.8701041150223103 0.5348627980206928 0.8701041150223103
0 0.34682860998650483 0.7882994546355975 0.2460638776428251 0.7882994546355975 0.2460638776428251 0.9067922657411998 0.34682860998650483 0.9067922657411998
0 0.3319838056680163 0.6395637084779375 0.22177237966711655 0.6395637084779375 0.22177237966711658 0.7565691621219633 0.3319838056680163 0.7565691621219633
0 0.31893837156995064 0.4695091720376797 0.22492127755285654 0.4695091720376797 0.22492127755285654 0.6038671294000991 0.31893837156995064 0.6038671294000991
0 0.16824111560953672 0.3520079325731284 0.06882591093117414 0.3520079325731284 0.06882591093117414 0.48636588993554786 0.16824111560953672 0.48636588993554786
0 0.07062528115159698 0.2597917699553793 2.886706805007706e-17 0.2597917699553793 3.638682909747309e-17 0.39514129895884975 0.070625281151597 0.39514129895884975
0 0.48942869995501576 0.036688150718889506 0.3657219973009447 0.0366881507188895 0.3657219973009447 0.13485374318294502 0.48942869995501576 0.13485374318294502
0 0.644174538911381 0.04164600892414485 0.5384615384615384 0.04164600892414484 0.5384615384615384 0.1774913237481409 0.644174538911381 0.17749132374814092
0 0.7881241565452092 0.12394645513138335 0.659919028340081 0.12394645513138333 0.659919028340081 0.2583044124938028 0.7881241565452092 0.2583044124938028
0 0.7935222672064778 0.299454635597422 0.6837606837606838 0.299454635597422 0.6837606837606838 0.43926623698562234 0.7935222672064778 0.43926623698562234
0 0.9055330634278003 0.45463559742191384 0.7678812415654521 0.45463559742191384 0.7678812415654521 0.5830441249380269 0.9055330634278003 0.583044124938027
0 1 0.08775409023301946 0.9253261358524516 0.08775409023301944 0.9253261358524516 0.24392662369856233 1 0.24392662369856233
0 0.9239766081871345 1.1660556161440216e-16 0.8038686459739092 1.0849994199684284e-16 0.8038686459739092 0.14526524541398128 0.9239766081871345 0.14526524541398128