0 0.29553264604810997 0.1036906854130053 0.18327605956471935 0.1036906854130053 0.18327605956471935 0.24487404803749271 0.29553264604810997 0.24487404803749274
0 0.17182130584192443 0.21499707088459286 0.030355097365406668 0.21499707088459286 0.03035509736540668 0.37668424135910955 0.17182130584192445 0.37668424135910955
0 0.16323024054982824 0.43350908025776214 0.0687285223367698 0.43350908025776214 0.06872852233676982 0.5401288810779145 0.16323024054982824 0.5401288810779145
0 0.3699885452462773 0.46280023432923256 0.21592210767468506 0.46280023432923256 0.21592210767468506 0.5799648506151143 0.36998854524627733 0.5799648506151143
0 0.30927835051546404 0.6350322202694786 0.19644902634593361 0.6350322202694786 0.19644902634593361 0.7346221441124781 0.30927835051546404 0.7346221441124781
0 0.4587628865979383 0.8400702987697716 0.31500572737686156 0.8400702987697716 0.31500572737686156 0.9484475688342121 0.4587628865979383 0.9484475688342121
0 0.6723940435280642 0.7404803749267721 0.5114547537227951 0.7404803749267721 0.5114547537227951 0.859402460456942 0.6723940435280642 0.859402460456942
0 0.516036655211913 0.34973637961335674 0.3854524627720504 0.34973637961335674 0.3854524627720504 0.47393087287639135 0.516036655211913 0.47393087287639135
0 0.6471935853379153 0.28705330990041017 0.5498281786941581 0.28705330990041017 0.5498281786941581 0.410076157000586 0.6471935853379153 0.410076157000586
0 0.8132875143184422 0.20913884007029887 0.6890034364261168 0.20913884007029884 0.6890034364261168 0.3491505565319275 0.8132875143184422 0.3491505565319275
0 0.9576174112256587 0.14059753954305812 0.8247422680412371 0.1405975395430581 0.8247422680412371 0.27592267135325144 0.9576174112256587 0.27592267135325144
0 0.6214203894616266 0.025776215582894037 0.5080183276059564 0.025776215582894033 0.5080183276059564 0.16637375512595204 0.6214203894616266 0.16637375512595204
0 0.7520045819014891 8.870976960431765e-17 0.6643757159221076 8.322145793854304e-17 0.6643757159221076 0.06912712360867028 0.7520045819014891 0.06912712360867028
0 0.2514318442153495 0.9279437609841827 0.08762886597938153 0.9279437609841827 0.08762886597938156 1 0.2514318442153495 1
0 0.6008018327605956 0.6526069127123608 0.5286368843069875 0.6526069127123608 0.5286368843069875 0.700058582308143 0.6008018327605956 0.700058582308143
0 0.6861397479954181 0.6818980667838312 0.6414662084765178 0.6818980667838312 0.6414662084765178 0.7275922671353251 0.6861397479954181 0.7275922671353251
0 0.9759450171821306 0.5916813122437026 0.8304696449026346 0.5916813122437026 0.8304696449026346 0.7398945518453427 0.9759450171821306 0.7398945518453427