0 0.20617283950617285 0.17515638963360144 0.13703703703703704 0.17515638963360142 0.13703703703703707 0.30205540661304736 0.20617283950617285 0.30205540661304736
0 0.2734567901234568 0.22162645218945493 0.2271604938271605 0.22162645218945493 0.2271604938271605 0.289544235924933 0.2734567901234568 0.289544235924933
0 0.5234567901234568 0.16621983914209126 0.4641975308641975 0.16621983914209126 0.4641975308641975 0.28596961572832896 0.5234567901234568 0.28596961572832896
0 0.42901234567901236 0.2591599642537981 0.37530864197530867 0.2591599642537981 0.37530864197530867 0.3333333333333334 0.42901234567901236 0.3333333333333334
0 0.5814814814814816 0.8471849865951744 0.48024691358024707 0.8471849865951743 0.48024691358024707 0.936550491510277 0.5814814814814816 0.936550491510277
0 0.7641975308641975 0.9401251117068812 0.6617283950617284 0.9401251117068812 0.6617283950617284 1 0.7641975308641975 1
0 0.8506172839506173 0.9008042895442361 0.7765432098765432 0.9008042895442361 0.7765432098765432 1 0.8506172839506173 1
0 0.9549382716049383 0.8239499553172478 0.891358024691358 0.8239499553172478 0.891358024691358 0.936550491510277 0.9549382716049383 0.936550491510277
0 1 0.5397676496872209 0.9555555555555556 0.5397676496872209 0.9555555555555556 0.6595174262734587 1 0.6595174262734587
0 0.4203703703703705 0.9401251117068812 0.35802469135802484 0.9401251117068812 0.35802469135802484 1 0.4203703703703705 1
0 0.6148148148148148 0.09472743521000904 0.562962962962963 0.09472743521000904 0.562962962962963 0.2189454870420019 0.6148148148148148 0.2189454870420019