1 0.6031537450722734 0.3443113772455091 0.5549715286903197 0.3443113772455091 0.5549715286903197 0.4476047904191618 0.6031537450722734 0.4476047904191618
1 0.554095488392466 0.3378243512974053 0.5054752518615856 0.3378243512974053 0.5054752518615856 0.4431137724550899 0.554095488392466 0.4431137724550899
1 0.4997809899255366 0.33682634730538935 0.45247481384143673 0.33682634730538935 0.45247481384143673 0.4466067864271458 0.4997809899255366 0.4466067864271458
1 0.45554095488392465 0.3378243512974053 0.4073587385019711 0.3378243512974053 0.4073587385019711 0.442115768463074 0.45554095488392465 0.442115768463074
1 0.4060446780551905 0.3333333333333333 0.3508541392904074 0.3333333333333333 0.3508541392904074 0.44011976047904194 0.4060446780551905 0.44011976047904194
1 0.3508541392904074 0.33083832335329344 0.3105562855891371 0.33083832335329344 0.3105562855891371 0.4411177644710579 0.3508541392904074 0.4411177644710579
0 0.07402540516863783 0.5858283433133733 6.297570487073994e-17 0.5858283433133733 6.78571266281823e-17 0.6766467065868264 0.07402540516863783 0.6766467065868264
0 0.07796758650897949 0.6636726546906188 0.0021901007446343246 0.6636726546906188 0.002190100744634329 0.7470059880239521 0.07796758650897949 0.7470059880239521
0 0.07971966710468689 0.7475049900199601 0.004380201489268588 0.7475049900199601 0.00438020148926859 0.8088822355289421 0.07971966710468689 0.8088822355289421
0 0.10337275514673686 0.8947105788423154 9.61801012208149e-17 0.8947105788423154 1.0004232502890117e-16 0.966566866267465 0.10337275514673686 0.966566866267465
0 0.8624616732369689 1.1613978252392937e-16 0.8024529128339903 1.1195373932325106e-16 0.8024529128339903 0.1347305389221558 0.8624616732369689 0.1347305389221558
0 0.8055190538764783 1.050177407352658e-16 0.6999561979851073 9.765397130925501e-17 0.6999561979851073 0.1312375249500999 0.8055190538764783 0.1312375249500999
0 0.9058256679807272 0.02544910179640731 0.8620236530880421 0.025449101796407306 0.8620236530880421 0.11526946107784443 0.9058256679807272 0.11526946107784443