0 0.4831383344803854 0.295138888888889 0.4473503097040606 0.29513888888888895 0.4473503097040606 0.39178240740740755 0.4831383344803854 0.39178240740740755
0 0.5423262216104611 0.34143518518518534 0.5024088093599449 0.34143518518518534 0.5024088093599449 0.4172453703703705 0.5423262216104611 0.4172453703703705
0 0.5708878183069511 0.3472222222222224 0.5447350309704061 0.3472222222222224 0.5447350309704061 0.44155092592592604 0.5708878183069511 0.44155092592592604
0 0.7075017205781142 0.42245370370370383 0.6641431520991053 0.42245370370370383 0.6641431520991053 0.5289351851851853 0.7075017205781142 0.5289351851851853
0 0.2556779077770131 4.9715840833441445e-17 0.22711631108052305 4.67747041341003e-17 0.22711631108052305 0.06944444444444449 0.2556779077770131 0.06944444444444449
0 0.21920165175498968 4.216810448452981e-17 0.19029593943565037 3.9191532403268887e-17 0.19029593943565037 0.055555555555555594 0.21920165175498968 0.05555555555555561
0 0.1854783207157605 0.0023148148148148494 0.15141087405368203 0.0023148148148148455 0.15141087405368203 0.029513888888888926 0.1854783207157605 0.02951388888888893
0 0.9676531314521679 0.04456018518518538 0.9246386785960082 0.04456018518518538 0.9246386785960082 0.13078703703703723 0.9676531314521679 0.13078703703703723
0 0.9514796971782519 0.12557870370370391 0.8981417756366139 0.12557870370370391 0.8981417756366139 0.21006944444444464 0.9514796971782519 0.21006944444444464
0 0.9136269786648313 0.5810185185185186 0.8774948382656572 0.5810185185185186 0.8774948382656572 0.6608796296296299 0.9136269786648313 0.6608796296296299
0 0.8757742601514109 0.6099537037037039 0.833792154163799 0.6099537037037039 0.833792154163799 0.7025462962962966 0.8757742601514109 0.7025462962962966