0 0.781361063577728 0.14202898550724688 0.7430564696590759 0.14202898550724688 0.7430564696590759 0.2782608695652179 0.781361063577728 0.2782608695652179
0 0.7889956561800711 0.34492753623188455 0.7674081874424115 0.34492753623188455 0.7674081874424115 0.5260869565217396 0.7889956561800711 0.5260869565217396
0 0.8292747137027774 0.3123188405797107 0.8029485323153877 0.3123188405797107 0.8029485323153877 0.490579710144928 0.8292747137027774 0.490579710144928
0 0.8538896932999869 0.2543478260869571 0.82269316835593 0.2543478260869571 0.82269316835593 0.4746376811594208 0.8538896932999869 0.4746376811594208
0 0.8924575490325128 0.14565217391304408 0.8700802948532316 0.14565217391304405 0.8700802948532316 0.3652173913043484 0.8924575490325128 0.3652173913043484
0 0.7574042385152033 0.36666666666666714 0.7384493879162828 0.36666666666666714 0.7384493879162828 0.5586956521739136 0.7574042385152033 0.5586956521739136
0 0.7368698170330393 0.37028985507246426 0.7272607608266421 0.37028985507246426 0.7272607608266421 0.5615942028985512 0.7368698170330393 0.5615942028985512
0 0.7239699881532183 0.3884057971014498 0.6996182703698829 0.3884057971014498 0.6996182703698829 0.6101449275362324 0.7239699881532183 0.6101449275362324
0 0.6964591286033961 0.0949275362318845 0.6686850072396999 0.0949275362318845 0.6686850072396999 0.2586956521739135 0.6964591286033961 0.25869565217391355
0 0.719889430038173 0.018840579710145404 0.6963274976964591 0.018840579710145397 0.6963274976964591 0.22971014492753672 0.719889430038173 0.22971014492753672
0 0.6888245360010531 0.3630434782608701 0.673292088982493 0.3630434782608701 0.673292088982493 0.6166666666666671 0.6888245360010531 0.6166666666666671
0 0.6677635908911412 0.39565217391304397 0.6291957351586153 0.39565217391304397 0.6291957351586153 0.5840579710144932 0.6677635908911412 0.5840579710144932
0 0.6444649203633013 0.27608695652173953 0.6278794260892457 0.27608695652173953 0.6278794260892457 0.39057971014492804 0.6444649203633013 0.39057971014492804
0 0.6186652626036594 0.2000000000000004 0.5976043174937475 0.2000000000000004 0.5976043174937475 0.3260869565217395 0.6186652626036594 0.3260869565217395
0 0.6467026457812294 0.08768115942029028 0.6186652626036594 0.08768115942029027 0.6186652626036594 0.23260869565217432 0.6467026457812294 0.23260869565217432
0 0.6134000263261814 0.015217391304348227 0.5804922995919441 0.015217391304348217 0.5804922995919441 0.1811594202898555 0.6134000263261814 0.1811594202898555
0 0.6286692115308674 0.4318840579710149 0.5982624720284323 0.4318840579710148 0.5982624720284323 0.5905797101449279 0.6286692115308674 0.590579710144928
0 0.5993155192839279 0.4101449275362322 0.5765433723838357 0.4101449275362322 0.5765433723838357 0.5971014492753627 0.5993155192839279 0.5971014492753627
0 0.5853626431486113 0.185507246376812 0.5673292088982493 0.185507246376812 0.5673292088982493 0.3681159420289859 0.5853626431486113 0.3681159420289859
0 0.5689087797814927 0.13840579710144965 0.5449519547189681 0.13840579710144965 0.5449519547189681 0.31014492753623224 0.5689087797814927 0.3101449275362323
0 0.5531130709490588 0.21811594202898588 0.5357377912333816 0.21811594202898585 0.5357377912333816 0.3615942028985511 0.5531130709490588 0.36159420289855115
0 0.5525865473213111 0.37028985507246415 0.5383704093721206 0.3702898550724641 0.5383704093721206 0.49710144927536265 0.5525865473213111 0.49710144927536265
0 0.572989337896538 0.32681159420289896 0.5508753455311307 0.32681159420289896 0.5508753455311307 0.5036231884057975 0.572989337896538 0.5036231884057975
0 0.537317362116625 0.3594202898550728 0.5146768461234698 0.3594202898550728 0.5146768461234698 0.5456521739130438 0.537317362116625 0.5456521739130438
0 0.5356061603264447 0.19275362318840614 0.5146768461234698 0.19275362318840614 0.5146768461234698 0.29420289855072496 0.5356061603264447 0.29420289855072496
0 0.5057259444517572 0.26159420289855106 0.47518757404238515 0.26159420289855106 0.47518757404238515 0.49710144927536265 0.5057259444517572 0.49710144927536265
0 0.4700539686718441 0.23985507246376844 0.4521521653284191 0.23985507246376844 0.4521521653284191 0.3456521739130438 0.4700539686718441 0.3456521739130438
0 0.4513623798867974 0.25797101449275395 0.4383309201000395 0.25797101449275395 0.4383309201000395 0.3202898550724641 0.4513623798867974 0.3202898550724641
0 0.4636040542319337 0.31594202898550755 0.44227984730814796 0.31594202898550755 0.44227984730814796 0.4456521739130438 0.4636040542319337 0.4456521739130438
0 0.4378043964722917 0.2833333333333336 0.4238515203369751 0.2833333333333336 0.4238515203369751 0.4130434782608699 0.4378043964722917 0.4130434782608699
0 0.4231933658022904 0.27246376811594225 0.40608134790048706 0.27246376811594225 0.40608134790048706 0.38405797101449307 0.4231933658022904 0.38405797101449307
0 0.4033170988548111 0.19637681159420314 0.3843622482558905 0.19637681159420314 0.3843622482558905 0.3811594202898554 0.4033170988548111 0.3811594202898554
0 0.37988679742003423 0.12391304347826111 0.35671975779913123 0.12391304347826111 0.35671975779913123 0.2521739130434785 0.37988679742003423 0.2521739130434785
0 0.3658022903777807 0.015217391304348066 0.34355666710543636 0.015217391304348057 0.34355666710543636 0.13623188405797126 0.3658022903777807 0.13623188405797126
0 0.33013031459786757 0.029710144927536455 0.31788864025273134 0.029710144927536448 0.31788864025273134 0.15217391304347846 0.33013031459786757 0.15217391304347846
0 0.3131499276030012 0.018840579710145133 0.2974858496775043 0.01884057971014513 0.2974858496775043 0.1137681159420292 0.3131499276030012 0.1137681159420292
0 0.33658022903777807 0.17463768115942052 0.31525602211399234 0.1746376811594205 0.31525602211399234 0.30072463768115965 0.33658022903777807 0.30072463768115965
0 0.3061734895353429 0.1818840579710147 0.2803738317757009 0.1818840579710147 0.2803738317757009 0.3166666666666669 0.3061734895353429 0.31666666666666693
0 0.27287087008029487 0.09492753623188423 0.24614979597209424 0.09492753623188423 0.24614979597209424 0.34275362318840596 0.27287087008029487 0.34275362318840596
0 0.23891009609056207 0.0586956521739132 0.2066605238910096 0.05869565217391319 0.2066605238910096 0.1978260869565219 0.23891009609056207 0.1978260869565219
0 0.19033829143082795 1.22509051175574e-16 0.17309464262208768 1.1669641600570793e-16 0.17309464262208768 0.08115942028985519 0.19033829143082795 0.08115942028985519
0 0.17217322627352902 1.050711456659758e-16 0.13952876135316572 9.40670729779851e-17 0.13952876135316572 0.12318840579710155 0.17217322627352902 0.12318840579710157
0 0.1370277741213637 0.0007246376811595051 0.11451888903514545 0.0007246376811594975 0.11451888903514545 0.05869565217391313 0.1370277741213637 0.05869565217391313
0 0.10727918915361327 0.0043478260869565825 0.07502961695406081 0.004347826086956572 0.07502961695406081 0.13623188405797107 0.10727918915361327 0.1362318840579711