0 0.03024417314095454 0.5177709521720053 4.009664880671134e-17 0.5177709521720053 4.325680841605385e-17 0.5993856954804739 0.030244173140954542 0.5993856954804739
0 0.07158712541620425 0.40368582711715667 0.029689234184239764 0.40368582711715667 0.029689234184239768 0.5002193944712593 0.07158712541620425 0.5002193944712593
0 0.04938956714761379 0.307152259763054 0.007491675915649303 0.307152259763054 0.007491675915649305 0.3835015357612988 0.04938956714761379 0.3835015357612988
0 0.05077691453940068 0.1917507678806494 0.02968923418423975 0.1917507678806494 0.02968923418423975 0.24923211935059236 0.05077691453940068 0.24923211935059236
0 0.1964483906770256 0.4374725756910926 0.15815760266370704 0.4374725756910926 0.15815760266370704 0.5239139973672663 0.1964483906770256 0.5239139973672663
0 0.2680355160932298 0.4111452391399737 0.21448390677025533 0.4111452391399737 0.21448390677025533 0.4848617814831066 0.2680355160932298 0.4848617814831066
0 0.31243063263041065 0.4036858271171567 0.2802441731409545 0.4036858271171567 0.2802441731409545 0.4782799473453269 0.31243063263041065 0.4782799473453269
0 0.40038845726970035 0.3102237823606846 0.35987791342952274 0.3102237823606846 0.35987791342952274 0.3545414655550681 0.40038845726970035 0.3545414655550681
0 0.4902885682574917 0.29881526985519974 0.44783573806881244 0.29881526985519974 0.44783573806881244 0.3470820535322511 0.4902885682574917 0.3470820535322511
0 0.5335738068812431 0.2623957876261519 0.4980577136514983 0.2623957876261519 0.4980577136514983 0.30715225976305405 0.5335738068812431 0.30715225976305405
0 0.582408435072142 0.21851689337428706 0.5615982241953386 0.21851689337428706 0.5615982241953386 0.2553751645458535 0.582408435072142 0.2553751645458535
0 0.6240288568257492 0.21588415971917518 0.5840732519422863 0.21588415971917518 0.5840732519422863 0.2795085563843792 0.6240288568257492 0.2795085563843792
0 0.6864594894561599 0.15928038613426956 0.6440066592674806 0.15928038613426956 0.6440066592674806 0.21456779289161929 0.6864594894561599 0.21456779289161929
0 0.7069922308546059 0.17463799912242225 0.685072142064373 0.17463799912242225 0.685072142064373 0.2237823606845109 0.7069922308546059 0.2237823606845109
0 0.7830188679245284 0.14918824045634066 0.744173140954495 0.14918824045634066 0.744173140954495 0.20798595875383954 0.7830188679245284 0.20798595875383954
0 0.8160377358490566 0.09609477841158418 0.7844062153163152 0.09609477841158418 0.7844062153163152 0.15357612988152713 0.8160377358490566 0.15357612988152713
0 0.8523862375138734 0.054848617814831226 0.8168701442841287 0.054848617814831226 0.8168701442841287 0.1206669591926285 0.8523862375138734 0.1206669591926285
0 0.888457269700333 0.05046072838964475 0.8543285238623751 0.05046072838964474 0.8543285238623751 0.10969723562966231 0.888457269700333 0.10969723562966231
0 0.9223085460599334 0.003949100482668012 0.8879023307436182 0.0039491004826680085 0.8879023307436182 0.07152259763053989 0.9223085460599334 0.07152259763053989
0 0.30022197558268593 0.07064501974550247 0.2727524972253052 0.07064501974550247 0.2727524972253052 0.10881965774462489 0.30022197558268593 0.10881965774462489
0 0.2891231964483907 0.12812637121544543 0.25471698113207547 0.12812637121544543 0.25471698113207547 0.1623519087319 0.2891231964483907 0.1623519087319
0 0.22946725860155384 0.1588415971917508 0.19478357380688124 0.1588415971917508 0.19478357380688124 0.20447564721369027 0.22946725860155384 0.20447564721369027
0 0.21087680355160932 0.21500658183413782 0.16009988901220865 0.21500658183413782 0.16009988901220865 0.2615182097411145 0.21087680355160932 0.2615182097411145
0 0.40316315205327413 7.377973037425695e-17 0.3587680355160932 6.948083858260324e-17 0.3587680355160932 0.039491004826678444 0.40316315205327413 0.039491004826678444
0 0.468645948945616 0.12329969284774034 0.42702552719200887 0.12329969284774034 0.42702552719200887 0.17595436594997815 0.468645948945616 0.17595436594997815
0 0.5610432852386238 0.10048266783677061 0.5135960044395117 0.10048266783677061 0.5135960044395117 0.16059675296182546 0.5610432852386238 0.16059675296182546
0 0.9741953385127636 0.010530934620447751 0.9267480577136515 0.010530934620447746 0.9267480577136515 0.07810443176831963 0.9741953385127636 0.07810443176831963