0 0.1033930002671654 0.432258064516129 0.07640929735506281 0.432258064516129 0.07640929735506281 0.5271889400921659 0.1033930002671654 0.5271889400921659
0 0.1269035532994924 0.4036866359447005 0.10446166176863478 0.40368663594470044 0.1044616617686348 0.5179723502304148 0.1269035532994924 0.5179723502304148
0 0.1469409564520438 0.3732718894009217 0.12209457654288004 0.37327188940092165 0.12209457654288006 0.471889400921659 0.1469409564520438 0.471889400921659
0 0.17258883248730963 0.3695852534562213 0.14827678332888058 0.3695852534562213 0.14827678332888058 0.4700460829493089 0.17258883248730963 0.4700460829493089
0 0.1969008816457387 0.33271889400921667 0.16965001335826876 0.33271889400921667 0.16965001335826876 0.4414746543778803 0.1969008816457387 0.4414746543778803
0 0.22201442693026985 0.27649769585253464 0.1926262356398611 0.27649769585253464 0.1926262356398611 0.4064516129032259 0.22201442693026985 0.4064516129032259
0 0.2452578145872295 0.2875576036866361 0.2172054501736575 0.2875576036866361 0.2172054501736575 0.4046082949308757 0.2452578145872295 0.4046082949308757
0 0.28052364413572 0.2359447004608296 0.24285332620892333 0.2359447004608296 0.24285332620892333 0.3456221198156683 0.28052364413572 0.3456221198156683
0 0.3849853059043548 0.15760368663594485 0.3553299492385787 0.15760368663594485 0.3553299492385787 0.2552995391705071 0.3849853059043548 0.25529953917050713
0 0.42452578145872294 0.3087557603686638 0.39540475554368154 0.3087557603686638 0.39540475554368154 0.422119815668203 0.42452578145872294 0.422119815668203
0 0.44109003473149877 0.28755760368663613 0.42158696232968207 0.28755760368663613 0.42158696232968207 0.3622119815668205 0.44109003473149877 0.3622119815668205
0 0.46219609938551964 0.3216589861751154 0.4424258616083356 0.3216589861751154 0.4424258616083356 0.4046082949308758 0.46219609938551964 0.4046082949308758
0 0.47902751803366284 0.3732718894009219 0.46112743788405025 0.3732718894009219 0.46112743788405025 0.46451612903225825 0.47902751803366284 0.46451612903225825
0 0.49906492118621426 0.2184331797235025 0.47368421052631576 0.2184331797235025 0.47368421052631576 0.35483870967741954 0.49906492118621426 0.35483870967741954
0 0.5150948437082554 0.2488479262672813 0.5006679134384184 0.2488479262672813 0.5006679134384184 0.3935483870967744 0.5150948437082554 0.3935483870967744
0 0.5335292546086027 0.2423963133640555 0.5142933475821534 0.2423963133640555 0.5142933475821534 0.3686635944700463 0.5335292546086027 0.3686635944700463
0 0.5530323270104195 0.23594470046082971 0.5337964199839701 0.23594470046082971 0.5337964199839701 0.3566820276497698 0.5530323270104195 0.3566820276497698
0 0.5468875233769703 0.03870967741935507 0.5362009083622763 0.03870967741935506 0.5362009083622763 0.1382488479262675 0.5468875233769703 0.1382488479262675
0 0.5340635853593374 0.06082949308755783 0.5156291744589901 0.060829493087557814 0.5156291744589901 0.15944700460829514 0.5340635853593374 0.15944700460829514
0 0.5124231899545819 0.0847926267281108 0.4942559444296019 0.0847926267281108 0.4942559444296019 0.1511520737327191 0.5124231899545819 0.1511520737327191
0 0.9150414106331819 0.14562211981566858 0.892332353726957 0.14562211981566858 0.892332353726957 0.19262672811059944 0.9150414106331819 0.19262672811059944
0 0.878706919583222 0.02764976958525382 0.8338231365215069 0.02764976958525381 0.8338231365215069 0.11705069124423999 0.878706919583222 0.11705069124424
0 0.8201977023777718 0.10046082949308789 0.802831952978894 0.10046082949308789 0.802831952978894 0.19907834101382524 0.8201977023777718 0.19907834101382524
0 0.8351589633983436 0.12258064516129069 0.8204648677531392 0.12258064516129069 0.8204648677531392 0.2082949308755764 0.8351589633983436 0.2082949308755764
0 0.7934811648410366 0.09677419354838743 0.7734437616884852 0.09677419354838741 0.7734437616884852 0.2230414746543782 0.7934811648410366 0.2230414746543782
0 0.7697034464333422 0.13456221198156715 0.743788405022709 0.13456221198156715 0.743788405022709 0.2543778801843321 0.7697034464333422 0.2543778801843321
0 0.7355062783863211 0.15483870967741967 0.7162703713598718 0.15483870967741967 0.7162703713598718 0.26728110599078375 0.7355062783863211 0.26728110599078375
0 0.7111942292278921 0.1373271889400925 0.682340368688218 0.1373271889400925 0.682340368688218 0.28663594470046116 0.7111942292278921 0.28663594470046116
0 0.6794015495591771 0.16497695852534588 0.6470745391397275 0.16497695852534588 0.6470745391397275 0.2718894009216593 0.6794015495591771 0.2718894009216593
0 0.5888324873096447 0.2202764976958528 0.5669249265295218 0.2202764976958528 0.5669249265295218 0.3087557603686638 0.5888324873096447 0.3087557603686638