0 0.8448906705539357 0.44740391676866587 0.8155858599797878 0.32715193594286796 0.6254947521080679 0.3598116666650222 0.6547995626822157 0.48006364749082003
1 0.29373177842565606 0.38372093023255816 0.21355685131195343 0.38372093023255816 0.21355685131195343 0.50734394124847 0.29373177842565606 0.50734394124847
1 0.3607871720116619 0.3733170134638923 0.2864431486880467 0.3733170134638923 0.2864431486880467 0.51468788249694 0.3607871720116619 0.51468788249694
1 0.4839650145772595 0.37576499388004897 0.4030612244897959 0.37576499388004897 0.4030612244897959 0.5 0.4839650145772595 0.5
1 0.5641399416909622 0.36964504283965727 0.48323615160349853 0.36964504283965727 0.48323615160349853 0.5 0.5641399416909622 0.5
1 0.6785714285714286 0.18604651162790706 0.6071428571428571 0.18604651162790706 0.6071428571428571 0.3151774785801714 0.6785714285714286 0.3151774785801715
1 0.7587463556851312 0.1756425948592412 0.6778425655976676 0.1756425948592412 0.6778425655976676 0.313341493268054 0.7587463556851312 0.313341493268054
1 0.7237609329446065 0.5428396572827419 0.6559766763848397 0.5428396572827417 0.6559766763848397 0.6689106487148103 0.7237609329446065 0.6689106487148103
1 0.7995626822157434 0.5385556915544677 0.7266763848396501 0.5385556915544677 0.7266763848396502 0.6615667074663403 0.7995626822157434 0.6615667074663403
1 0.8104956268221575 0.7123623011015912 0.7485422740524781 0.7123623011015912 0.7485422740524781 0.8500611995104039 0.8104956268221575 0.8500611995104039
1 0.7346938775510206 0.7246022031823746 0.6683673469387756 0.7246022031823746 0.6683673469387756 0.8518971848225214 0.7346938775510206 0.8518971848225214
1 0.5750728862973762 0.5410036719706243 0.5051020408163265 0.5410036719706243 0.5051020408163266 0.6707466340269278 0.5750728862973763 0.6707466340269278
1 0.49927113702623915 0.5489596083231334 0.413265306122449 0.5489596083231334 0.41326530612244905 0.6670746634026927 0.4992711370262392 0.6670746634026927
1 0.3848396501457727 0.5446756425948592 0.3083090379008747 0.5446756425948592 0.3083090379008747 0.6829865361077111 0.38483965014577276 0.6829865361077111
1 0.29810495626822164 0.5471236230110159 0.23104956268221583 0.5471236230110159 0.23104956268221583 0.6829865361077111 0.29810495626822164 0.6829865361077111
1 0.35422740524781354 0.7405140758873929 0.2769679300291546 0.7405140758873929 0.27696793002915465 0.8776009791921665 0.3542274052478136 0.8776009791921665
1 0.414723032069971 0.7343941248470012 0.35204081632653067 0.7343941248470012 0.3520408163265307 0.8849449204406364 0.414723032069971 0.8849449204406364
1 0.5145772594752188 0.7466340269277846 0.4351311953352771 0.7466340269277846 0.4351311953352771 0.879436964504284 0.5145772594752188 0.879436964504284
1 0.5896501457725949 0.7325581395348837 0.5153061224489798 0.7325581395348837 0.5153061224489798 0.8812729498164015 0.5896501457725949 0.8812729498164015